// Lines with the 2 slashes at the start will be ignored (must be the first 2 chars)
// This table is a list of 128 Rare Protogens and their Rare Traits. (Last updated 11/14/2023)
GIGER,1,0,1,0,1,0,0,0,0,0,21
SORATOBU-BA,0,0,0,0,1,0,0,0,0,0,16
ROICEID,1,0,0,0,1,0,0,0,0,0,17
DARTH ANDROID,0,0,0,0,1,0,0,0,0,0,16
NOVA,1,0,0,0,1,0,0,0,0,0,17
ELIAS,1,0,0,0,1,0,1,0,0,0,81
CYRUS,0,0,0,0,1,0,0,0,0,0,16
AETHER,0,0,0,0,1,0,0,0,0,0,16
KOVACS,0,0,0,0,1,0,0,0,0,0,16
LUX,0,0,0,0,1,0,0,0,0,0,16
RENDER,1,0,0,0,1,0,1,0,0,0,81
AURORA,0,0,0,1,0,0,1,1,0,0,200
SORA,0,0,0,0,1,0,0,0,0,0,16
DRAGEN,0,0,0,0,1,0,0,0,0,0,16
RECOIL,0,0,0,0,1,0,0,0,0,0,16
KAFER,0,0,1,0,1,0,0,0,0,0,20
STRING,0,0,0,1,1,0,0,0,0,0,24
KEHLL,0,0,0,0,1,0,0,0,0,0,16
QUICKSILVER,1,0,0,0,1,0,0,0,0,0,17
BOUNCY,0,0,0,0,1,0,0,0,0,0,16
CPT. CRIMSON,1,0,1,0,1,0,0,0,0,0,21
AZURI,0,0,0,0,1,0,0,0,0,0,16
STARDUST,0,0,1,0,1,0,0,0,0,0,20
SPARK,0,0,1,0,1,0,0,0,0,0,20
TUNDRA,0,0,0,0,1,0,0,0,0,0,16
HORNET,0,0,0,0,1,0,0,0,0,0,16
WINSTON,0,0,1,0,0,0,0,0,0,0,4
APOCARA,0,0,0,0,1,0,0,0,0,0,16
TAKA,0,0,0,0,1,0,0,0,0,0,16
ARIES,1,0,0,0,1,0,0,0,0,0,17
ASTER,1,0,0,0,1,0,0,0,0,0,17
VAUBAN,1,0,0,0,1,0,0,0,0,0,17
REMOGEN,0,1,0,0,1,0,0,0,0,0,18
REVERB,1,0,0,0,1,0,0,0,0,0,17
SAWRUNNER,1,0,0,1,1,0,0,0,0,0,25
FORMULA,1,0,1,0,1,0,0,0,0,0,21
SNAILMAIL,0,0,0,0,1,0,0,0,0,0,16
PLUTO,1,0,0,1,0,0,1,0,0,0,73
AURELIUS,0,0,1,0,1,0,0,0,0,0,20
AULUS,0,0,0,1,1,0,0,0,0,0,24
BERYL,0,0,0,0,1,0,0,0,0,0,16
R4PTOR,0,0,0,0,1,0,0,0,0,0,16
MISRIAH,1,1,0,0,0,0,0,0,0,0,3
ATHENA,1,0,1,0,1,0,0,0,0,0,21
KING,0,0,0,0,1,0,1,1,0,0,208
JAY,1,0,0,0,1,0,0,0,0,0,17
NUKA,0,0,0,0,1,0,0,0,0,0,16
MAXIMUS,1,0,0,0,1,0,0,0,0,0,17
--HEX,0,0,1,0,1,0,0,0,0,0,20
PARALYSIS,1,1,0,0,1,0,0,0,0,1,531
UXZUMA,1,0,0,0,1,0,1,0,0,0,81
X-020,0,0,0,1,1,0,0,0,0,0,24
VOID,0,0,1,0,1,0,0,0,0,0,20
LATIOS,0,0,0,0,1,0,0,0,0,0,16
STROBE,1,0,0,0,1,0,0,0,0,0,17
NEKHA,1,0,1,0,0,0,1,0,0,0,69
BAIN,1,0,1,0,0,0,1,0,0,0,69
SHRIKE,1,0,0,0,1,0,0,0,0,0,17
JASPER,1,0,1,0,1,0,0,0,0,0,21
--FAHRENHEIT,1,0,0,1,1,0,0,1,0,0,153
DISH SOAP,1,1,0,0,1,0,1,0,0,0,83
WRECKER,0,0,0,0,1,0,0,0,0,0,16
SPEARMINT,1,0,0,0,1,0,0,0,0,0,17
DAEDALUS,0,0,0,0,1,0,0,0,0,0,16
ROKUSHO,1,0,1,1,1,0,0,0,0,0,29
TERRA,1,0,1,1,1,0,0,0,0,0,29
GITCH,1,0,0,0,1,0,0,0,0,0,17
DATA,0,0,0,0,1,0,1,0,0,0,80
VITA,0,0,1,0,1,0,0,0,0,0,20
TRAPICHE,0,0,0,0,1,0,0,0,0,0,16
BLOOM,0,0,1,0,1,0,0,0,0,0,20
CIRCUIT,0,0,0,0,1,0,1,0,0,0,80
RUGARIA,1,1,1,0,1,0,1,0,0,0,87
SEER,0,1,0,0,1,0,1,0,0,0,82
ABADDON,0,0,1,0,1,0,1,0,0,0,84
PENUMBRA,1,0,0,0,1,0,0,0,0,0,17
ULYSSES,0,0,1,1,1,0,0,1,0,0,156
SCOURGE,0,0,1,0,0,0,0,0,0,0,4
NEXUS,1,1,1,0,0,0,0,1,0,0,135
MALTHAEL,0,0,0,0,1,0,0,0,0,0,16
ECHO,1,0,0,0,1,0,0,0,0,0,17
CAW,0,0,0,0,1,0,0,0,0,0,16
UMBRA,0,0,1,0,1,0,0,0,0,0,20
AOKIN,0,0,0,1,1,0,0,0,0,0,24
CYRUS,1,0,0,1,0,0,0,0,0,0,9
NEMURI,0,0,0,1,0,0,0,0,0,0,8
VIXEL,1,9,1,9,1,0,1,1,0,0,303
0x35 PRISM,1,0,0,0,0,0,1,0,0,0,65
BAZZ,1,0,0,1,0,0,1,0,0,0,73
MAKHAI,1,1,0,1,1,0,0,0,0,0,27
RYUUKA,0,1,0,0,1,0,0,0,0,0,18
ROMEL,0,1,1,0,1,0,1,0,0,0,86
NOX,1,1,1,1,0,0,0,0,0,0,15
LINDWURM,1,1,1,1,1,0,1,1,0,0,223
アンカア,0,0,0,0,1,0,0,0,0,0,16
RENFRED,1,1,1,1,1,0,1,1,1,1,991
KUGELBLITZ,1,0,1,0,1,0,1,0,0,0,85
TAU,0,0,0,1,1,0,0,0,0,0,24
EULEHEXE,1,0,1,1,1,0,1,0,0,0,93
ZINOAK,0,1,1,0,1,0,1,0,0,0,86
SYNTHIA,1,1,1,1,1,0,1,1,0,0,223
ORION,1,0,0,0,1,0,0,0,0,0,17
NEON DREAM,0,0,1,0,0,0,1,0,0,0,68
KUIPER,1,1,0,0,1,0,1,0,0,0,83
DOMINATUS,0,0,1,0,1,1,0,0,0,0,52
HELIO,0,1,0,0,1,0,1,0,0,0,82
LENORE,1,1,1,0,1,0,1,1,0,0,215
マル・ミラファス,0,0,0,0,1,0,1,0,0,0,80
ECHO,1,0,0,0,1,0,1,0,0,0,81
GEMINI,1,0,0,0,1,0,1,0,0,0,81
ASH INDIGO,0,0,0,0,1,0,1,0,0,0,80
REXISTUS...,1,0,1,0,1,0,1,0,0,0,85
LUTHER,0,1,1,0,0,0,1,0,0,0,70
LEONIDAS,1,1,0,0,1,0,1,0,0,0,83
PLUSHY,0,0,0,1,1,0,0,1,0,0,152
THE INEVITABLE,1,0,1,1,1,0,1,1,1,0,477
KING RAGNAR,0,0,0,0,1,0,1,0,0,0,80
JARVIS,0,0,0,0,1,0,1,0,0,0,80
KAZUNE MITSUNE,1,0,0,0,1,0,1,0,0,0,81
CURIE,0,0,0,0,1,0,1,0,0,0,80
TESLA,0,0,0,0,1,0,1,0,0,0,80
OMEGA,0,0,1,0,0,0,1,1,1,1,964
LUNAR ABYSS,1,1,1,0,1,0,1,0,0,0,87
YYVERN,1,0,0,0,1,0,1,1,0,0,209
0x36 AZION,0,0,0,0,1,0,1,0,0,0,80
XIUHCOATLE,0,0,0,1,1,0,1,0,0,0,88
(1<<136279841) - 1,0,1,0,0,0,0,1,0,0,0,66
KLIEVEN,0,0,1,0,1,0,1,0,0,0,84
TYR,0,1,0,0,1,0,1,0,0,0,82
COBALT STARLIGHT,0,1,1,0,1,0,1,1,0,1,726
ZOE,1,0,0,0,1,0,1,1,0,0,209
SUN KEEPER,0,0,1,0,1,0,1,1,0,0,212
TAVACHI,0,1,1,0,0,0,1,0,0,0,70
ARCAI DANCER,0,1,1,0,1,0,1,0,0,0,86
TURQUOISE TOCO,0,0,1,0,1,0,1,0,0,0,84
WIRE,1,1,0,0,1,0,1,0,0,0,83
COSMIC LAGOON,0,0,1,0,1,0,1,0,0,0,84
DYYRE,1,0,0,0,1,0,0,0,1,1,785
